2.15089988708   0.562399983406
1.96570003033   0.864899992943
1.96570003033   0.874000012875
2.05369997025   0.874000012875
2.23280000687   0.581700026989
2.23280000687   0.562399983406
2.15089988708   0.562399983406

1.87660002708   -0.874000012875
1.87660002708   -0.86369997263
2.0748000145   -0.562200009823
2.1577000618   -0.562200009823
2.1577000618   -0.581700026989
1.96570003033   -0.874000012875
1.87660002708   -0.874000012875

1.09459996223   -0.759999990463
1.09459996223   -0.680000007153
1.07260000706   -0.680000007153
1.07260000706   -0.704999983311
1.0   -0.704999983311
1.0   -0.725000023842
1.07260000706   -0.725000023842
1.07260000706   -0.759999990463
1.09459996223   -0.759999990463

1.10006475449   -0.584396481514
1.08495473862   -0.517317593098
1.07169032097   -0.4498501122
1.0602812767   -0.382043689489
1.05073571205   -0.313949853182
1.04306125641   -0.245619833469
1.03726363182   -0.177105665207
1.03334712982   -0.108457677066
1.03131508827   -0.0397281013429
1.03116822243   0.0290307644755
1.03290724754   0.0977683886886
1.03653073311   0.166432470083
1.0420358181   0.234970748425
1.04941868782   0.303332865238
1.05867338181   0.371466845274
1.06979298592   0.439320772886
1.08276939392   0.506844758987
1.09759306908   0.573987543583
1.11425209045   0.640698552132
1.13273453712   0.706927001476
1.15302610397   0.772624313831
1.16444206238   0.768926024437
1.14424753189   0.703543186188
1.12585377693   0.637631773949
1.10927438736   0.571240127087
1.09452176094   0.504418671131
1.08160734177   0.437217891216
1.070540905   0.369688779116
1.06133055687   0.301880925894
1.05398321152   0.233846023679
1.04850435257   0.165635809302
1.04489827156   0.0973004028201
1.04316759109   0.0288918055594
1.04331350327   -0.0395379364491
1.04533600807   -0.107938528061
1.04923391342   -0.176257923245
1.05500364304   -0.244444146752
1.06264138222   -0.312447100878
1.0721411705   -0.380214959383
1.08349561691   -0.447696834803
1.09669661522   -0.514841377735
1.11173415184   -0.58159917593
1.10006475449   -0.584396481514

2.00189995766   -0.52380001545
1.99749994278   -0.522800028324
1.99409997463   -0.519900023937
1.99220001698   -0.515799999237
1.99230003357   -0.51130002737
1.99440002441   -0.507300019264
2.00370001793   -0.494899988174
2.01710009575   -0.476200014353
2.02999997139   -0.457199990749
2.04259991646   -0.437999993563
2.05469989777   -0.418399989605
2.06640005112   -0.398600012064
2.07769989967   -0.378500014544
2.08850002289   -0.358200013638
2.09890007973   -0.337599992752
2.10879993439   -0.316799998283
2.11829996109   -0.295800000429
2.12649989128   -0.276399999857
2.12730002403   -0.274500012398
2.1357998848   -0.253100007772
2.1438999176   -0.231399998069
2.15149998665   -0.209600001574
2.15860009193   -0.187600001693
2.16519999504   -0.165500000119
2.1696999073   -0.149100005627
2.17129993439   -0.14319999516
2.17479991913   -0.129299998283
2.17700004578   -0.120800003409
2.1821000576   -0.0982000008225
2.18680000305   -0.0754999965429
2.19090008736   -0.0527999997139
2.19460010529   -0.0298999994993
2.19770002365   -0.00700000021607
2.1982998848   -0.0010000000475
2.20029997826   0.01600000076
2.2025001049   0.0390000008047
2.20409989357   0.0621000006795
2.20539999008   0.0975999981165
2.20519995689   0.133100003004
2.20409989357   0.156599998474
2.20350003242   0.168500006199
2.20040011406   0.2037999928
2.19970011711   0.20870000124
2.19569993019   0.238999992609
2.18950009346   0.273900002241
2.18179988861   0.308499991894
2.17269992828   0.342700004578
2.16210007668   0.37650001049
2.15869998932   0.385899990797
2.15009999275   0.409799993038
2.13700008392   0.442099988461
2.13680005074   0.442600011826
2.12199997902   0.474700003862
2.10929989815   0.499300003052
2.10599994659   0.508899986744
2.10689997673   0.51709997654
2.11109995842   0.524200022221
2.11779999733   0.528999984264
2.12590003014   0.530700027943
2.90000009537   0.530700027943
2.90000009537   -0.52380001545
2.00189995766   -0.52380001545

2.52099990845   0.0
2.50591349602   0.210063561797
2.46096372604   0.415815383196
2.38707304001   0.613032221794
2.28575849533   0.79766613245
2.15909957886   0.965927243233
2.00969600677   1.114361763
1.84061408043   1.23992323875
1.84067690372   1.23988652229
1.70526182652   1.30292022228
1.55812072754   1.32861042023
1.40935754776   1.31519293785
1.26918768883   1.26358926296
1.14723670483   1.17734289169
1.05187869072   1.06237649918
0.989661455154   0.92658418417
0.964857757092   0.77929097414
0.964797973633   0.778767943382
0.957132339478   0.519238352776
0.952533721924   0.259636312723
0.951000213623   3.31964270117e-06
0.952533721924   -0.259634912014
0.957132339478   -0.519236922264
0.964797973633   -0.778766572475
0.964857757092   -0.779290914536
0.98966139555   -0.926584005356
1.0518784523   -1.06237626076
1.14723658562   -1.17734289169
1.26918756962   -1.26358914375
1.40935742855   -1.31519293785
1.55812060833   -1.32861042023
1.70526146889   -1.30292034149
1.84067666531   -1.23988676071
1.84061360359   -1.23992359638
2.00969529152   -1.11436223984
2.15909934044   -0.965927422047
2.28575849533   -0.797666490078
2.38707327843   -0.613032221794
2.46096372604   -0.415815472603
2.50591349602   -0.210063114762
2.52099990845   0.0

1.13829994202   -0.657899975777
1.14079999924   -0.658500015736
1.14310002327   -0.659699976444
1.14499998093   -0.661499977112
1.18669998646   -0.726100027561
1.18729996681   -0.727100014687
1.18729996681   -0.728299975395
1.18690001965   -0.729399979115
1.1861000061   -0.730199992657
1.16470003128   -0.743900001049
1.11699998379   -0.669300019741
1.13569998741   -0.657999992371
1.13829994202   -0.657899975777

1.18710005283   -0.729799985886
1.18819999695   -0.72990000248
1.18920004368   -0.730400025845
1.18990004063   -0.731199979782
1.24660003185   -0.819800019264
1.24670004845   -0.822399973869
1.24409997463   -0.824000000954
1.2159999609   -0.824000000954
1.16470003128   -0.743799984455
1.1861000061   -0.730199992657
1.18710005283   -0.729799985886

1.24919998646   -0.826399981976
1.24950003624   -0.826699972153
1.24969995022   -0.827000021935
1.25   -0.827300012112
1.25010001659   -0.827499985695
1.25880002975   -0.842199981213
1.26639997959   -0.857500016689
1.27289998531   -0.873300015926
1.27830004692   -0.889500021935
1.28240001202   -0.906099975109
1.285400033   -0.922900021076
1.28719997406   -0.939800024033
1.28779995441   -0.956900000572
1.28719997406   -0.973999977112
1.28699994087   -0.975000023842
1.28659999371   -0.976000010967
1.28610002995   -0.976800024509
1.28559994698   -0.97729998827
1.28480005264   -0.977900028229
1.2840000391   -0.978299975395
1.28310000896   -0.978600025177
1.28219997883   -0.978699982166
1.22640001774   -0.978699982166
1.22640001774   -0.825200021267
1.24580001831   -0.825200021267
1.24619996548   -0.825200021267
1.24679994583   -0.825299978256
1.2473000288   -0.82539999485
1.24779999256   -0.825600028038
1.24820005894   -0.825699985027
1.24839997292   -0.825800001621
1.2487000227   -0.825999975204
1.24899995327   -0.826200008392
1.24919998646   -0.826399981976

1.28050005436   -0.981000006199
1.28229999542   -0.982500016689
1.28310000896   -0.984700024128
1.28289997578   -0.98710000515
1.23599994183   -1.12339997292
1.23549997807   -1.12430000305
1.23469996452   -1.12489998341
1.2338000536   -1.12510001659
1.23280000687   -1.125
1.23239994049   -1.12479996681
1.23150002956   -1.12469995022
1.23059999943   -1.12489998341
1.22979998589   -1.12539994717
1.21720004082   -1.13810002804
1.20070004463   -1.12150001526
1.24919998646   -0.980499982834
1.26530003548   -0.986000001431
1.26719999313   -0.980400025845
1.27820003033   -0.980400025845
1.28050005436   -0.981000006199

1.23199999332   -1.12530004978
1.23269999027   -1.12590003014
1.23399996758   -1.12800002098
1.24370002747   -1.14180004597
1.24399995804   -1.14240002632
1.24399995804   -1.14310002327
1.24380004406   -1.14380002022
1.24339997768   -1.14429998398
1.23329997063   -1.15439999104
1.21720004082   -1.13810002804
1.2295999527   -1.12569999695
1.23029994965   -1.12520003319
1.23119997978   -1.12510001659
1.23199999332   -1.12530004978

1.2798999548   -1.12310004234
1.2798999548   -1.10210001469
1.2798999548   -1.10029995441
1.28040003777   -1.09809994698
1.28180003166   -1.09640002251
1.31369996071   -1.07060003281
1.31540000439   -1.06970000267
1.31739997864   -1.06949996948
1.3193000555   -1.07009994984
1.32079994678   -1.07140004635
1.33720004559   -1.09179997444
1.28620004654   -1.13269996643
1.28100001812   -1.12619996071
1.28059995174   -1.125
1.2798999548   -1.12310004234

1.31990003586   -1.06560003757
1.32249999046   -1.06350004673
1.32560002804   -1.06239998341
1.45899999142   -1.06239998341
1.46119999886   -1.06289994717
1.46290004253   -1.06420004368
1.48210000992   -1.08720004559
1.48249995708   -1.08819997311
1.48230004311   -1.08930003643
1.48160004616   -1.09010004997
1.48049998283   -1.09039998055
1.33739995956   -1.09039998055
1.31959998608   -1.06840002537
1.31920003891   -1.06690001488
1.31990003586   -1.06560003757

1.48720002174   -1.09319996834
1.55410003662   -1.17320001125
1.55499994755   -1.17470002174
1.55499994755   -1.17499995232
1.55529999733   -1.17639994621
1.55529999733   -1.18400001526
1.55480003357   -1.1861000061
1.55350005627   -1.18780004978
1.54309999943   -1.19649994373
1.46249997616   -1.10070002079
1.47220003605   -1.09259998798
1.47370004654   -1.09169995785
1.47539997101   -1.09140002728
1.48329997063   -1.09140002728
1.48539996147   -1.09189999104
1.48720002174   -1.09319996834

1.55439996719   -1.21770000458
1.55529999733   -1.21589994431
1.55639994144   -1.21440005302
1.55799996853   -1.21300005913
1.56169998646   -1.21080005169
1.56340003014   -1.20990002155
1.56560003757   -1.2092000246
1.56749999523   -1.20899999142
1.57930004597   -1.20899999142
1.57930004597   -1.21549999714
1.57749998569   -1.22200000286
1.56229996681   -1.22200000286
1.56229996681   -1.22000002861
1.56130003929   -1.21899998188
1.55630004406   -1.21899998188
1.55529999733   -1.22000002861
1.55529999733   -1.22200000286
1.55379998684   -1.22200000286
1.55390000343   -1.2201000452
1.55439996719   -1.21770000458

1.57939994335   -1.20770001411
1.63520002365   -0.999300003052
1.63940000534   -0.999300003052
1.63370001316   -1.02059996128
1.63660001755   -1.02139997482
1.63779997826   -1.02190005779
1.63880002499   -1.02110004425
1.63979995251   -1.02009999752
1.64049994946   -1.01820003986
1.64149999619   -1.01440000534
1.64199995995   -1.0134999752
1.64660000801   -1.01479995251
1.59159994125   -1.22019994259
1.5843000412   -1.22019994259
1.58659994602   -1.21179997921
1.58669996262   -1.2106000185
1.58650004864   -1.20980000496
1.58580005169   -1.20869994164
1.58459997177   -1.20799994469
1.58350002766   -1.20770001411
1.57939994335   -1.20770001411

1.63610005379   -0.996999979019
1.63580000401   -0.995299994946
1.6384999752   -0.986199975014
1.64310002327   -0.972000002861
1.64909994602   -0.956399977207
1.65810000896   -0.936800003052
1.66519999504   -0.924000024796
1.67369997501   -0.909300029278
1.68680000305   -0.888000011444
1.70210003853   -0.863300025463
1.70449995995   -0.860199987888
1.70749998093   -0.85689997673
1.7107000351   -0.853699982166
1.71549999714   -0.849900007248
1.72189998627   -0.845899999142
1.72739994526   -0.843200027943
1.73169994354   -0.841600000858
1.73889994621   -0.839699983597
1.74549996853   -0.838800013065
1.75750005245   -0.838800013065
1.76289999485   -0.844799995422
1.7446000576   -0.868399977684
1.73699998856   -0.868399977684
1.73189997673   -0.869700014591
1.72769999504   -0.872200012207
1.72469997406   -0.875400006771
1.67050004005   -0.997799992561
1.63769996166   -0.997799992561
1.63610005379   -0.996999979019

1.75209999084   -0.826399981976
1.75259995461   -0.825500011444
1.87549996376   -0.686399996281
1.87609994411   -0.685800015926
1.87779998779   -0.685400009155
1.87860000134   -0.685500025749
1.87940001488   -0.685899972916
1.9388999939   -0.725000023842
1.90100002289   -0.7825999856
1.86969995499   -0.762000024319
1.77479994297   -0.845499992371
1.7717000246   -0.842100024223
1.77129995823   -0.840600013733
1.7704000473   -0.838599979877
1.75209999084   -0.826399981976

1.87870001793   -0.682900011539
1.99440002441   -0.550199985504
1.9960000515   -0.548799991608
1.99790000916   -0.547699987888
2.0   -0.547100007534
2.00169992447   -0.54699999094
2.00580000877   -0.54699999094
2.0069000721   -0.547299981117
2.00760006905   -0.548200011253
2.00780010223   -0.549000024796
2.00780010223   -0.558799982071
1.9496999979   -0.647099971771
1.97800004482   -0.665700018406
1.87870001793   -0.682900011539

2.01060009003   -0.55989998579
2.0109000206   -0.558899998665
2.01819992065   -0.547900021076
2.0188999176   -0.547200024128
2.01990008354   -0.54699999094
2.14919996262   -0.54699999094
2.15019989014   -0.547299981117
2.15089988708   -0.547999978065
2.15120005608   -0.549000024796
2.15120005608   -0.561999976635
2.01259994507   -0.561999976635
2.01160001755   -0.561699986458
2.0109000206   -0.56099998951
2.01060009003   -0.55989998579

1.50020003319   1.18499994278
1.33599996567   1.09309995174
1.33490002155   1.09290003777
1.33389997482   1.09329998493
1.32039999962   1.10339999199
1.32829999924   1.11380004883
1.32190001011   1.11870002747
1.36660003662   1.1778999567
1.40699994564   1.1778999567
1.49670004845   1.19620001316
1.4987000227   1.19599997997
1.50059998035   1.19519996643
1.50209999084   1.19369995594
1.50300002098   1.19200003147
1.50329995155   1.19000005722
1.50279998779   1.18799996376
1.50170004368   1.1862000227
1.50020003319   1.18499994278

1.33089995384   1.08749997616
1.28849995136   1.03120005131
1.28719997406   1.02999997139
1.28559994698   1.02929997444
1.28380000591   1.02909994125
1.25810003281   1.03729999065
1.31159996986   1.10829997063
1.32990002632   1.09449994564
1.33099997044   1.09329998493
1.33169996738   1.09189999104
1.33190000057   1.09039998055
1.33159995079   1.08889997005
1.33089995384   1.08749997616

1.28229999542   1.02289998531
1.24170005322   0.969099998474
1.24000000954   0.966799974442
1.23889994621   0.965799987316
1.2376999855   0.965099990368
1.23629999161   0.964800000191
1.23479998112   0.964800000191
1.23350000381   0.965200006962
1.2093000412   0.972599983215
1.25720000267   1.03620004654
1.28050005436   1.03030002117
1.28190004826   1.02929997444
1.28289997578   1.02789998055
1.28330004215   1.02620005608
1.28310000896   1.0243999958
1.28229999542   1.02289998531

1.23660004139   0.958400011063
1.20759999752   0.891300022602
1.20749998093   0.89099997282
1.20700001717   0.890299975872
1.20640003681   0.889699995518
1.20580005646   0.889199972153
1.20510005951   0.888800024986
1.20430004597   0.888499975204
1.20350003242   0.888400018215
1.20270001888   0.888300001621
1.20190000534   0.888499975204
1.2010999918   0.888700008392
1.20039999485   0.889100015163
1.20000004768   0.889299988747
1.16589999199   0.915000021458
1.2093000412   0.972599983215
1.23350000381   0.965200006962
1.2338000536   0.965099990368
1.23459994793   0.964699983597
1.23529994488   0.964200019836
1.23590004444   0.963599979877
1.2364000082   0.962899982929
1.23670005798   0.962100028992
1.23689997196   0.96130001545
1.23699998856   0.960500001907
1.23689997196   0.959599971771
1.23670005798   0.958800017834
1.23660004139   0.958400011063

1.20299994946   0.880599975586
1.17980003357   0.819800019264
1.17920005322   0.818400025368
1.17879998684   0.817700028419
1.1779999733   0.816399991512
1.17760002613   0.815800011158
1.1670999527   0.801900029182
1.16690003872   0.801599979401
1.16630005836   0.80110001564
1.16559994221   0.800599992275
1.16489994526   0.800300002098
1.16400003433   0.800000011921
1.16320002079   0.799899995327
1.16229999065   0.800000011921
1.16149997711   0.800199985504
1.16079998016   0.800499975681
1.16009998322   0.800999999046
1.16009998322   0.800999999046
1.11940002441   0.831600010395
1.14170002937   0.861299991608
1.13129997253   0.869199991226
1.16499996185   0.913800001144
1.20130002499   0.88639998436
1.20159995556   0.886099994183
1.20210003853   0.885599970818
1.20260000229   0.884899973869
1.20299994946   0.884199976921
1.20319998264   0.883400022984
1.20329999924   0.882499992847
1.20329999924   0.881699979305
1.20309996605   0.880999982357
1.20299994946   0.880599975586

1.86310005188   0.940500020981
1.77489995956   1.07079994678
1.77409994602   1.07270002365
1.77409994602   1.07459998131
1.77479994297   1.07640004158
1.77620005608   1.07780003548
1.78359997272   1.08280003071
1.80120003223   1.07560002804
1.8015999794   1.07550001144
1.80229997635   1.07529997826
1.80320000648   1.07529997826
1.80400002003   1.07539999485
1.80480003357   1.07560002804
1.80560004711   1.0759999752
1.80630004406   1.07650005817
1.80690002441   1.07710003853
1.80739998817   1.07770001888
1.80770003796   1.07840001583
1.81369996071   1.09329998493
1.83910000324   1.08299994469
1.91330003738   0.973399996758
1.91410005093   0.97159999609
1.91410005093   0.969600021839
1.91330003738   0.967800021172
1.91190004349   0.966400027275
1.87000000477   0.939100027084
1.8681999445   0.938399970531
1.86629998684   0.938399970531
1.86450004578   0.939199984074
1.86310005188   0.940500020981
1.86310005188   0.940500020981

1.79550004005   1.08150005341
1.72860002518   1.10580003262
1.72730004787   1.10650002956
1.72619998455   1.10769999027
1.7254999876   1.10909998417
1.72529995441   1.11059999466
1.7256000042   1.11220002174
1.73300004005   1.13230001926
1.80929994583   1.10450005531
1.80190002918   1.08449995518
1.80120003223   1.08309996128
1.79999995232   1.08210003376
1.79859995842   1.08140003681
1.79709994793   1.08120000362
1.79550004005   1.08150005341

1.71829998493   1.10940003395
1.65149998665   1.13370001316
1.64989995956   1.13469994068
1.64869999886   1.13629996777
1.6482000351   1.13820004463
1.64849996567   1.14010000229
1.65590000153   1.1603000164
1.73199999332   1.13259994984
1.72469997406   1.11240005493
1.72370004654   1.11070001125
1.72210001945   1.10959994793
1.72019994259   1.10909998417
1.71829998493   1.10940003395

1.64359998703   1.13670003414
1.50899994373   1.1901999712
1.50789999962   1.19140005112
1.50650000572   1.19480001926
1.50629997253   1.19519996643
1.50440001488   1.19809997082
1.50119996071   1.20029997826
1.49419999123   1.20340001583
1.49339997768   1.20389997959
1.49300003052   1.20469999313
1.49300003052   1.20560002327
1.49339997768   1.20640003681
1.50119996071   1.21659994125
1.65460002422   1.16079998016
1.64619994164   1.13779997826
1.64579999447   1.1371999979
1.64520001411   1.13670003414
1.64440000057   1.13650000095
1.64359998703   1.13670003414

2.12050008774   0.546899974346
2.11319994926   0.558899998665
2.11290001869   0.55989998579
2.11310005188   0.560899972916
2.11389994621   0.561600029469
2.11490011215   0.561900019646
2.2281999588   0.561900019646
2.2281999588   0.546899974346
2.12050008774   0.546899974346

2.1006000042   0.546899974346
2.00259995461   0.707199990749
2.04570007324   0.733600020409
2.08089995384   0.675999999046
2.06690001488   0.667299985886
2.06299996376   0.663900017738
2.05970001221   0.658500015736
2.05830001831   0.653199970722
2.05870008469   0.64620000124
2.0611000061   0.640399992466
2.11820006371   0.546899974346
2.1006000042   0.546899974346

2.00209999084   0.708000004292
1.90530002117   0.866299986839
1.91820001602   0.873799979687
1.96940004826   0.790600001812
1.97350001335   0.785799980164
1.97950005531   0.782199978828
1.98489999771   0.781099975109
1.99109995365   0.78149998188
1.9960000515   0.783399999142
2.01009988785   0.791999995708
2.04520010948   0.734399974346
2.00209999084   0.708000004292
2.00209999084   0.708000004292

